{
 "cells": [
  {
   "cell_type": "code",
   "execution_count": 11,
   "metadata": {},
   "outputs": [],
   "source": [
    "from tabulate import tabulate\n",
    "import json\n",
    "import numpy as np\n",
    "import h5py\n",
    "import os\n",
    "from scipy.spatial.transform import Rotation as R\n",
    "from tqdm import tqdm"
   ]
  },
  {
   "cell_type": "code",
   "execution_count": 16,
   "metadata": {},
   "outputs": [],
   "source": [
    "json_data = '/home/cds-s/workspace/hierarchical_localization/table_1pXnuDYAj8r_point0.json'\n",
    "path_to_hdf5_datasets = '/media/cds-s/data/Datasets/Habitat/HPointLoc/1pXnuDYAj8r_point0/'\n",
    "output_path = '/media/cds-s/data/Datasets/Habitat/table_1pXnuDYAj8r_point0.txt'"
   ]
  },
  {
   "cell_type": "code",
   "execution_count": 17,
   "metadata": {},
   "outputs": [],
   "source": [
    "with open(json_data) as f:\n",
    "    table = json.load(f)"
   ]
  },
  {
   "cell_type": "code",
   "execution_count": 18,
   "metadata": {},
   "outputs": [
    {
     "data": {
      "text/plain": [
       "{'tp': 0,\n",
       " 'all': 1654,\n",
       " 'queries-dbs': {'1pXnuDYAj8r_point0_query_0000': {'db_filenames': ['1pXnuDYAj8r_point1_query_0047'],\n",
       "   'estimated_pose': [[-0.7887288642756767,\n",
       "     -0.006417094668049953,\n",
       "     0.6147077350696205,\n",
       "     -9.077506572202509],\n",
       "    [0.0026217209205809974,\n",
       "     -0.9999715347519438,\n",
       "     -0.0070750452476870595,\n",
       "     0.007312273732376272],\n",
       "    [0.6147356384965948,\n",
       "     -0.0039687002738322515,\n",
       "     0.7887232367442463,\n",
       "     4.178116668095823],\n",
       "    [0.0, 0.0, 0.0, 1.0]],\n",
       "   'retrieved_image': '1pXnuDYAj8r_point1_query_0047',\n",
       "   'retrival_score': 0.4161253869533539,\n",
       "   'num_matches': 52},\n",
       "  '1pXnuDYAj8r_point0_query_0001': {'db_filenames': ['1pXnuDYAj8r_point1_query_0043',\n",
       "    '1pXnuDYAj8r_point1_query_0044',\n",
       "    '1pXnuDYAj8r_point1_query_0046'],\n",
       "   'estimated_pose': [[0.7498568659191733,\n",
       "     0.0,\n",
       "     0.6616000911682789,\n",
       "     -8.84872055053711],\n",
       "    [0.0, -1.0, 0.0, 0.08086839318275452],\n",
       "    [0.6616000911682789, 0.0, -0.7498568659191736, 6.279425621032715],\n",
       "    [0.0, 0.0, 0.0, 1.0]],\n",
       "   'retrieved_image': '1pXnuDYAj8r_point1_query_0043',\n",
       "   'retrival_score': 0.39834314584732056,\n",
       "   'num_matches': 1},\n",
       "  '1pXnuDYAj8r_point0_query_0004': {'db_filenames': ['1pXnuDYAj8r_point1_database_0004',\n",
       "    '1pXnuDYAj8r_point1_query_0036'],\n",
       "   'estimated_pose': [[0.18679800018580373,\n",
       "     0.0,\n",
       "     -0.9823983444237805,\n",
       "     -8.661108016967773],\n",
       "    [-0.0, -1.0000000000000004, 0.0, 0.061459556221961975],\n",
       "    [-0.9823983444237805, 0.0, -0.18679800018580428, 6.249141693115234],\n",
       "    [0.0, 0.0, 0.0, 1.0]],\n",
       "   'retrieved_image': '1pXnuDYAj8r_point1_database_0004',\n",
       "   'retrival_score': 0.26365888118743896,\n",
       "   'num_matches': 2},\n",
       "  '1pXnuDYAj8r_point0_query_0005': {'db_filenames': ['1pXnuDYAj8r_point1_query_0038',\n",
       "    '1pXnuDYAj8r_point1_query_0047'],\n",
       "   'estimated_pose': [[-0.800057254101703,\n",
       "     -0.00115704581051288,\n",
       "     0.5999225378365409,\n",
       "     -8.526729769877358],\n",
       "    [0.008419489940778808,\n",
       "     -0.9999213104844462,\n",
       "     0.009299732695386668,\n",
       "     -0.03456458715731725],\n",
       "    [0.5998645700059144,\n",
       "     0.012491360376712132,\n",
       "     0.8000040397195245,\n",
       "     4.383952284562477],\n",
       "    [0.0, 0.0, 0.0, 1.0]],\n",
       "   'retrieved_image': '1pXnuDYAj8r_point1_query_0038',\n",
       "   'retrival_score': 0.4905387759208679,\n",
       "   'num_matches': 64},\n",
       "  '1pXnuDYAj8r_point0_query_0006': {'db_filenames': ['1pXnuDYAj8r_point1_query_0039'],\n",
       "   'estimated_pose': [[0.4624646594442827,\n",
       "     0.0,\n",
       "     0.8866377156229502,\n",
       "     -9.03329849243164],\n",
       "    [0.0, -1.0, 0.0, 0.02022036910057068],\n",
       "    [0.8866377156229502, 0.0, -0.46246465944428294, 6.545802593231201],\n",
       "    [0.0, 0.0, 0.0, 1.0]],\n",
       "   'retrieved_image': '1pXnuDYAj8r_point1_query_0039',\n",
       "   'retrival_score': 0.4224330484867096,\n",
       "   'num_matches': 4},\n",
       "  '1pXnuDYAj8r_point0_query_0007': {'db_filenames': ['1pXnuDYAj8r_point1_query_0038'],\n",
       "   'estimated_pose': [[-0.837951249763019,\n",
       "     -0.0003194390729078698,\n",
       "     0.5457449962933913,\n",
       "     -8.633722001768056],\n",
       "    [0.011772823153782521,\n",
       "     -0.9997777062082358,\n",
       "     0.017491106425525916,\n",
       "     -0.06971158692451303],\n",
       "    [0.545618093226008,\n",
       "     0.0210816538174312,\n",
       "     0.8377687391021088,\n",
       "     4.297785260831913],\n",
       "    [0.0, 0.0, 0.0, 1.0]],\n",
       "   'retrieved_image': '1pXnuDYAj8r_point1_query_0038',\n",
       "   'retrival_score': 0.42584383487701416,\n",
       "   'num_matches': 58},\n",
       "  '1pXnuDYAj8r_point0_query_0008': {'db_filenames': ['1pXnuDYAj8r_point1_query_0034',\n",
       "    '1pXnuDYAj8r_point1_query_0035'],\n",
       "   'estimated_pose': [[0.9660637953256873,\n",
       "     0.0,\n",
       "     -0.2583035875881877,\n",
       "     -8.69643783569336],\n",
       "    [-0.0, -1.0, 0.0, 0.05556169152259827],\n",
       "    [-0.2583035875881877, 0.0, -0.9660637953256874, 6.383732795715332],\n",
       "    [0.0, 0.0, 0.0, 1.0]],\n",
       "   'retrieved_image': '1pXnuDYAj8r_point1_query_0034',\n",
       "   'retrival_score': 0.4724386930465698,\n",
       "   'num_matches': 1},\n",
       "  '1pXnuDYAj8r_point0_query_0009': {'db_filenames': ['1pXnuDYAj8r_point1_query_0046'],\n",
       "   'estimated_pose': [[0.723643373470245,\n",
       "     0.0,\n",
       "     0.6901740853093541,\n",
       "     -8.775189399719238],\n",
       "    [0.0, -1.0000000000000004, 0.0, 0.07539043575525284],\n",
       "    [0.6901740853093541, 0.0, -0.7236433734702452, 6.223073482513428],\n",
       "    [0.0, 0.0, 0.0, 1.0]],\n",
       "   'retrieved_image': '1pXnuDYAj8r_point1_query_0046',\n",
       "   'retrival_score': 0.39113909006118774,\n",
       "   'num_matches': 2},\n",
       "  '1pXnuDYAj8r_point0_query_0011': {'db_filenames': ['1pXnuDYAj8r_point1_query_0045'],\n",
       "   'estimated_pose': [[0.8737691635879712,\n",
       "     0.20620556198971457,\n",
       "     -0.4404619336188807,\n",
       "     -9.137213686404454],\n",
       "    [0.3434001392976144,\n",
       "     -0.9029088878073488,\n",
       "     0.2585186350127895,\n",
       "     -0.33037014862220937],\n",
       "    [-0.3443890141876716,\n",
       "     -0.3771403008470493,\n",
       "     -0.8597449624067834,\n",
       "     5.46497787645526],\n",
       "    [0.0, 0.0, 0.0, 1.0]],\n",
       "   'retrieved_image': '1pXnuDYAj8r_point1_query_0045',\n",
       "   'retrival_score': 0.476961612701416,\n",
       "   'num_matches': 3},\n",
       "  '1pXnuDYAj8r_point0_query_0012': {'db_filenames': ['1pXnuDYAj8r_point1_query_0021',\n",
       "    '1pXnuDYAj8r_point1_query_0032'],\n",
       "   'estimated_pose': [[-0.9340592565309469,\n",
       "     -0.06636412523267705,\n",
       "     -0.3508975750428565,\n",
       "     -8.09976494008003],\n",
       "    [0.07507653738169384,\n",
       "     -0.9971141275422246,\n",
       "     -0.011266329947410537,\n",
       "     0.11603486482609501],\n",
       "    [-0.3491372492639974,\n",
       "     -0.036867594684361356,\n",
       "     0.9363460693774279,\n",
       "     4.406989789989038],\n",
       "    [0.0, 0.0, 0.0, 1.0]],\n",
       "   'retrieved_image': '1pXnuDYAj8r_point1_query_0021',\n",
       "   'retrival_score': 0.3172690272331238,\n",
       "   'num_matches': 22},\n",
       "  '1pXnuDYAj8r_point0_query_0013': {'db_filenames': ['1pXnuDYAj8r_point1_query_0031'],\n",
       "   'estimated_pose': [[0.9919666457586104,\n",
       "     0.0,\n",
       "     -0.12649969842814449,\n",
       "     -8.652676582336426],\n",
       "    [-0.0, -1.0, 0.0, 0.0556449331343174],\n",
       "    [-0.12649969842814449, 0.0, -0.9919666457586107, 6.314663410186768],\n",
       "    [0.0, 0.0, 0.0, 1.0]],\n",
       "   'retrieved_image': '1pXnuDYAj8r_point1_query_0031',\n",
       "   'retrival_score': 0.4741418659687042,\n",
       "   'num_matches': 2},\n",
       "  '1pXnuDYAj8r_point0_query_0014': {'db_filenames': ['1pXnuDYAj8r_point1_query_0039',\n",
       "    '1pXnuDYAj8r_point1_query_0046'],\n",
       "   'estimated_pose': [[0.4624646594442827,\n",
       "     0.0,\n",
       "     0.8866377156229502,\n",
       "     -9.03329849243164],\n",
       "    [0.0, -1.0, 0.0, 0.02022036910057068],\n",
       "    [0.8866377156229502, 0.0, -0.46246465944428294, 6.545802593231201],\n",
       "    [0.0, 0.0, 0.0, 1.0]],\n",
       "   'retrieved_image': '1pXnuDYAj8r_point1_query_0039',\n",
       "   'retrival_score': 0.4637569785118103,\n",
       "   'num_matches': 2},\n",
       "  '1pXnuDYAj8r_point0_query_0015': {'db_filenames': ['1pXnuDYAj8r_point1_database_0004',\n",
       "    '1pXnuDYAj8r_point1_query_0033'],\n",
       "   'estimated_pose': [[0.6613540785946974,\n",
       "     0.11328119704994363,\n",
       "     -0.7414702644887998,\n",
       "     -9.206121272646019],\n",
       "    [0.32304274969438085,\n",
       "     -0.9351694571567661,\n",
       "     0.1452634443726735,\n",
       "     -0.3220782833668079],\n",
       "    [-0.6769447278737404,\n",
       "     -0.3355971644636633,\n",
       "     -0.6550728040515013,\n",
       "     5.479255599022657],\n",
       "    [0.0, 0.0, 0.0, 1.0]],\n",
       "   'retrieved_image': '1pXnuDYAj8r_point1_database_0004',\n",
       "   'retrival_score': 0.24749639630317688,\n",
       "   'num_matches': 2},\n",
       "  '1pXnuDYAj8r_point0_query_0016': {'db_filenames': ['1pXnuDYAj8r_point1_query_0014',\n",
       "    '1pXnuDYAj8r_point1_query_0021'],\n",
       "   'estimated_pose': [[-0.9997692911719085,\n",
       "     0.02098670368173017,\n",
       "     -0.0045741336005545264,\n",
       "     -8.723329749903687],\n",
       "    [-0.021032947924117824,\n",
       "     -0.9997256437926889,\n",
       "     0.01030787295787123,\n",
       "     -0.044979401973037396],\n",
       "    [-0.004356550383252379,\n",
       "     0.010401702354399418,\n",
       "     0.9999364105066325,\n",
       "     4.363756868227056],\n",
       "    [0.0, 0.0, 0.0, 1.0]],\n",
       "   'retrieved_image': '1pXnuDYAj8r_point1_query_0014',\n",
       "   'retrival_score': 0.29884231090545654,\n",
       "   'num_matches': 32},\n",
       "  '1pXnuDYAj8r_point0_query_0017': {'db_filenames': ['1pXnuDYAj8r_point1_database_0001',\n",
       "    '1pXnuDYAj8r_point1_query_0022',\n",
       "    '1pXnuDYAj8r_point1_query_0025'],\n",
       "   'estimated_pose': [[0.07784666027698939,\n",
       "     -0.07741337385841811,\n",
       "     0.993955264099736,\n",
       "     -10.0518043978227],\n",
       "    [0.30934188134268176,\n",
       "     -0.9458982753086322,\n",
       "     -0.09789817779471473,\n",
       "     -0.29368978928540374],\n",
       "    [0.9477591982835563,\n",
       "     0.31509303755559587,\n",
       "     -0.04968782298409402,\n",
       "     5.466579218586543],\n",
       "    [0.0, 0.0, 0.0, 1.0]],\n",
       "   'retrieved_image': '1pXnuDYAj8r_point1_database_0001',\n",
       "   'retrival_score': 0.2777385115623474,\n",
       "   'num_matches': 39},\n",
       "  '1pXnuDYAj8r_point0_query_0018': {'db_filenames': ['1pXnuDYAj8r_point1_database_0002',\n",
       "    '1pXnuDYAj8r_point1_query_0043',\n",
       "    '1pXnuDYAj8r_point1_query_0044',\n",
       "    '1pXnuDYAj8r_point1_query_0046'],\n",
       "   'estimated_pose': [[0.7573829160401451,\n",
       "     0.0,\n",
       "     0.6529709936057853,\n",
       "     -8.661108016967773],\n",
       "    [0.0, -0.9999999999999998, 0.0, 0.061459556221961975],\n",
       "    [0.6529709936057853, 0.0, -0.7573829160401451, 6.249141693115234],\n",
       "    [0.0, 0.0, 0.0, 1.0]],\n",
       "   'retrieved_image': '1pXnuDYAj8r_point1_database_0002',\n",
       "   'retrival_score': 0.37206119298934937,\n",
       "   'num_matches': 0},\n",
       "  '1pXnuDYAj8r_point0_query_0019': {'db_filenames': ['1pXnuDYAj8r_point1_database_0005',\n",
       "    '1pXnuDYAj8r_point1_query_0048'],\n",
       "   'estimated_pose': [[-0.851000662579297,\n",
       "     -0.014483222169601998,\n",
       "     -0.5249648641244322,\n",
       "     -8.937654617157708],\n",
       "    [-0.0002401090150204723,\n",
       "     -0.9996088076175045,\n",
       "     0.027967375300014172,\n",
       "     -0.08520299348048238],\n",
       "    [-0.5251645595784797,\n",
       "     0.023926303707361197,\n",
       "     0.8506642800503877,\n",
       "     4.33307893716177],\n",
       "    [0.0, 0.0, 0.0, 1.0]],\n",
       "   'retrieved_image': '1pXnuDYAj8r_point1_database_0005',\n",
       "   'retrival_score': 0.2721261978149414,\n",
       "   'num_matches': 22},\n",
       "  '1pXnuDYAj8r_point0_query_0020': {'db_filenames': ['1pXnuDYAj8r_point1_database_0005',\n",
       "    '1pXnuDYAj8r_point1_query_0048'],\n",
       "   'estimated_pose': [[-0.8955009033785009,\n",
       "     -0.3888475434314374,\n",
       "     0.2165080137445864,\n",
       "     -11.884764996236628],\n",
       "    [0.2917654510662568,\n",
       "     -0.8802639863689641,\n",
       "     -0.3741767441543162,\n",
       "     3.332689683435207],\n",
       "    [0.3360819150332153,\n",
       "     -0.2719060541237676,\n",
       "     0.9017294739102463,\n",
       "     3.118586539611532],\n",
       "    [0.0, 0.0, 0.0, 1.0]],\n",
       "   'retrieved_image': '1pXnuDYAj8r_point1_database_0005',\n",
       "   'retrival_score': 0.30819302797317505,\n",
       "   'num_matches': 14},\n",
       "  '1pXnuDYAj8r_point0_query_0021': {'db_filenames': ['1pXnuDYAj8r_point1_query_0001',\n",
       "    '1pXnuDYAj8r_point1_query_0011',\n",
       "    '1pXnuDYAj8r_point1_query_0029'],\n",
       "   'estimated_pose': [[-0.9289954062041272,\n",
       "     0.0018634238426892373,\n",
       "     -0.3700865613653267,\n",
       "     -8.293826808146495],\n",
       "    [-0.009218666827676072,\n",
       "     -0.9997935598225713,\n",
       "     0.018106736846578014,\n",
       "     -0.04290937547669422],\n",
       "    [-0.36997642010478116,\n",
       "     0.02023278005844522,\n",
       "     0.928820802511204,\n",
       "     4.246336461107733],\n",
       "    [0.0, 0.0, 0.0, 1.0]],\n",
       "   'retrieved_image': '1pXnuDYAj8r_point1_query_0001',\n",
       "   'retrival_score': 0.3201823830604553,\n",
       "   'num_matches': 25},\n",
       "  '1pXnuDYAj8r_point0_query_0022': {'db_filenames': ['1pXnuDYAj8r_point1_query_0001',\n",
       "    '1pXnuDYAj8r_point1_query_0011'],\n",
       "   'estimated_pose': [[-0.6253512210186816,\n",
       "     0.02625462644502352,\n",
       "     -0.779901625181456,\n",
       "     -7.601001743367072],\n",
       "    [0.008117441993350606,\n",
       "     -0.9991609065677522,\n",
       "     -0.0401446126172811,\n",
       "     0.11860294768237808],\n",
       "    [-0.7803011966580139,\n",
       "     -0.03143528872046904,\n",
       "     0.6246133725090524,\n",
       "     4.385496935198702],\n",
       "    [0.0, 0.0, 0.0, 1.0]],\n",
       "   'retrieved_image': '1pXnuDYAj8r_point1_query_0001',\n",
       "   'retrival_score': 0.2875099778175354,\n",
       "   'num_matches': 22},\n",
       "  '1pXnuDYAj8r_point0_query_0023': {'db_filenames': ['1pXnuDYAj8r_point1_query_0026'],\n",
       "   'estimated_pose': [[-0.219163827581917,\n",
       "     0.0,\n",
       "     -0.9756880734536237,\n",
       "     -8.427266120910645],\n",
       "    [0.0, -1.0, 0.0, 0.012368813157081604],\n",
       "    [-0.9756880734536237, -0.0, 0.219163827581917, 6.490721702575684],\n",
       "    [0.0, 0.0, 0.0, 1.0]],\n",
       "   'retrieved_image': '1pXnuDYAj8r_point1_query_0026',\n",
       "   'retrival_score': 0.1504163295030594,\n",
       "   'num_matches': 1},\n",
       "  '1pXnuDYAj8r_point0_query_0033': {'db_filenames': ['1pXnuDYAj8r_point1_query_0036'],\n",
       "   'estimated_pose': [[0.4165701098995568,\n",
       "     0.0,\n",
       "     -0.9091035934030132,\n",
       "     -8.790582656860352],\n",
       "    [0.0, -1.0, -0.0, 0.06111788749694824],\n",
       "    [-0.9091035934030132, 0.0, -0.4165701098995567, 6.4789042472839355],\n",
       "    [0.0, 0.0, 0.0, 1.0]],\n",
       "   'retrieved_image': '1pXnuDYAj8r_point1_query_0036',\n",
       "   'retrival_score': 0.4357098639011383,\n",
       "   'num_matches': 1},\n",
       "  '1pXnuDYAj8r_point0_query_0037': {'db_filenames': ['1pXnuDYAj8r_point1_query_0035'],\n",
       "   'estimated_pose': [[0.9668211942933239,\n",
       "     0.0,\n",
       "     -0.25545406292566725,\n",
       "     -8.839529037475586],\n",
       "    [-0.0, -1.0, 0.0, 0.005122564733028412],\n",
       "    [-0.25545406292566725, 0.0, -0.9668211942933242, 6.689530849456787],\n",
       "    [0.0, 0.0, 0.0, 1.0]],\n",
       "   'retrieved_image': '1pXnuDYAj8r_point1_query_0035',\n",
       "   'retrival_score': 0.6130794882774353,\n",
       "   'num_matches': 1},\n",
       "  '1pXnuDYAj8r_point0_query_0041': {'db_filenames': ['1pXnuDYAj8r_point1_query_0040'],\n",
       "   'estimated_pose': [[0.02380590695235718,\n",
       "     0.08786211184300936,\n",
       "     0.9958481450987708,\n",
       "     -11.508116366196303],\n",
       "    [0.018930629797767978,\n",
       "     -0.9959914594556389,\n",
       "     0.08742221655212654,\n",
       "     -0.9572562170898528],\n",
       "    [0.999537348001382,\n",
       "     0.016770867416850004,\n",
       "     -0.025373765121693648,\n",
       "     5.417263882197116],\n",
       "    [0.0, 0.0, 0.0, 1.0]],\n",
       "   'retrieved_image': '1pXnuDYAj8r_point1_query_0040',\n",
       "   'retrival_score': 0.44347959756851196,\n",
       "   'num_matches': 39},\n",
       "  '1pXnuDYAj8r_point0_query_0043': {'db_filenames': ['1pXnuDYAj8r_point1_query_0043',\n",
       "    '1pXnuDYAj8r_point1_query_0044'],\n",
       "   'estimated_pose': [[0.7498568659191733,\n",
       "     0.0,\n",
       "     0.6616000911682789,\n",
       "     -8.84872055053711],\n",
       "    [0.0, -1.0, 0.0, 0.08086839318275452],\n",
       "    [0.6616000911682789, 0.0, -0.7498568659191736, 6.279425621032715],\n",
       "    [0.0, 0.0, 0.0, 1.0]],\n",
       "   'retrieved_image': '1pXnuDYAj8r_point1_query_0043',\n",
       "   'retrival_score': 0.39085274934768677,\n",
       "   'num_matches': 2},\n",
       "  '1pXnuDYAj8r_point0_query_0046': {'db_filenames': ['1pXnuDYAj8r_point1_query_0033'],\n",
       "   'estimated_pose': [[0.4968919518898517,\n",
       "     0.0,\n",
       "     -0.8678124152990053,\n",
       "     -8.700827598571777],\n",
       "    [0.0, -0.9999999999999998, -0.0, 0.04291561245918274],\n",
       "    [-0.8678124152990053, 0.0, -0.4968919518898516, 6.556598663330078],\n",
       "    [0.0, 0.0, 0.0, 1.0]],\n",
       "   'retrieved_image': '1pXnuDYAj8r_point1_query_0033',\n",
       "   'retrival_score': 0.43725693225860596,\n",
       "   'num_matches': 3},\n",
       "  '1pXnuDYAj8r_point10_database_0000': {'db_filenames': ['1pXnuDYAj8r_point11_query_0015',\n",
       "    '1pXnuDYAj8r_point11_query_0033',\n",
       "    '1pXnuDYAj8r_point9_query_0040',\n",
       "    '1pXnuDYAj8r_point9_query_0042'],\n",
       "   'estimated_pose': [[-0.7836917552513971,\n",
       "     0.4439470573943933,\n",
       "     0.4344401489064328,\n",
       "     -5.663188680989051],\n",
       "    [-0.5206022623824773,\n",
       "     -0.8509630112112971,\n",
       "     -0.06953587529073171,\n",
       "     0.14231714131073903],\n",
       "    [0.33882225008583844,\n",
       "     -0.28066521655000504,\n",
       "     0.8980125383677604,\n",
       "     -5.425452818681084],\n",
       "    [0.0, 0.0, 0.0, 1.0]],\n",
       "   'retrieved_image': '1pXnuDYAj8r_point11_query_0015',\n",
       "   'retrival_score': 0.28113996982574463,\n",
       "   'num_matches': 12},\n",
       "  '1pXnuDYAj8r_point10_database_0003': {'db_filenames': ['1pXnuDYAj8r_point11_query_0027',\n",
       "    '1pXnuDYAj8r_point9_query_0046'],\n",
       "   'estimated_pose': [[-0.9987004236073205,\n",
       "     0.005733321010843945,\n",
       "     0.050641809967122586,\n",
       "     -5.6954412423766385],\n",
       "    [-0.005894388508576108,\n",
       "     -0.9999780321008471,\n",
       "     -0.0030317486419736755,\n",
       "     0.19271551920791405],\n",
       "    [0.050623315484759665,\n",
       "     -0.003326311155733729,\n",
       "     0.9987122786786121,\n",
       "     -2.26335586703797],\n",
       "    [0.0, 0.0, 0.0, 1.0]],\n",
       "   'retrieved_image': '1pXnuDYAj8r_point11_query_0027',\n",
       "   'retrival_score': 0.24603718519210815,\n",
       "   'num_matches': 5},\n",
       "  '1pXnuDYAj8r_point10_database_0004': {'db_filenames': ['1pXnuDYAj8r_point11_query_0019',\n",
       "    '1pXnuDYAj8r_point11_query_0030',\n",
       "    '1pXnuDYAj8r_point9_query_0006'],\n",
       "   'estimated_pose': [[-0.5409318807990828,\n",
       "     -0.00278574209889929,\n",
       "     0.8410617931972213,\n",
       "     -5.551468288759936],\n",
       "    [-0.016147658759770023,\n",
       "     -0.9997757995145669,\n",
       "     -0.013696854441337458,\n",
       "     0.23213577213795533],\n",
       "    [0.8409113826389467,\n",
       "     -0.020990244066412932,\n",
       "     0.5407656203960154,\n",
       "     -2.6420259072853023],\n",
       "    [0.0, 0.0, 0.0, 1.0]],\n",
       "   'retrieved_image': '1pXnuDYAj8r_point11_query_0019',\n",
       "   'retrival_score': 0.29310381412506104,\n",
       "   'num_matches': 51},\n",
       "  '1pXnuDYAj8r_point10_database_0005': {'db_filenames': ['1pXnuDYAj8r_point9_query_0010'],\n",
       "   'estimated_pose': [[0.45631815589233193,\n",
       "     -0.03431664811174349,\n",
       "     0.8891547155953211,\n",
       "     1.452474967411294],\n",
       "    [0.03390752151312936,\n",
       "     -0.9978596856788386,\n",
       "     -0.055913573323175716,\n",
       "     0.611756132698271],\n",
       "    [0.8891704114442057,\n",
       "     0.055663411315731,\n",
       "     -0.4541778991241623,\n",
       "     -1.3209586336491896],\n",
       "    [0.0, 0.0, 0.0, 1.0]],\n",
       "   'retrieved_image': '1pXnuDYAj8r_point9_query_0010',\n",
       "   'retrival_score': 0.14134365320205688,\n",
       "   'num_matches': 17},\n",
       "  '1pXnuDYAj8r_point10_query_0000': {'db_filenames': ['1pXnuDYAj8r_point11_database_0002',\n",
       "    '1pXnuDYAj8r_point11_query_0000',\n",
       "    '1pXnuDYAj8r_point9_query_0005'],\n",
       "   'estimated_pose': [[-0.5845173001433237,\n",
       "     -0.23683728507929666,\n",
       "     -0.7760461495487414,\n",
       "     -4.232841996876367],\n",
       "    [0.00024050300211448804,\n",
       "     -0.9565012175365526,\n",
       "     0.29172823485120236,\n",
       "     -1.1220208878113034],\n",
       "    [-0.8113812100310591,\n",
       "     0.17033355878205642,\n",
       "     0.559148469336342,\n",
       "     -2.676514017555293],\n",
       "    [0.0, 0.0, 0.0, 1.0]],\n",
       "   'retrieved_image': '1pXnuDYAj8r_point11_database_0002',\n",
       "   'retrival_score': 0.32002052664756775,\n",
       "   'num_matches': 23},\n",
       "  '1pXnuDYAj8r_point10_query_0001': {'db_filenames': ['1pXnuDYAj8r_point11_database_0001',\n",
       "    '1pXnuDYAj8r_point11_query_0017',\n",
       "    '1pXnuDYAj8r_point9_query_0001'],\n",
       "   'estimated_pose': [[0.6322115932219237,\n",
       "     0.027744701566206256,\n",
       "     -0.7742988653813198,\n",
       "     -4.7931191957078685],\n",
       "    [0.1018464647107491,\n",
       "     -0.9936629627723101,\n",
       "     0.047552224348359914,\n",
       "     0.2596352539948259],\n",
       "    [-0.7680727823726857,\n",
       "     -0.10892266958515462,\n",
       "     -0.631030944588872,\n",
       "     -1.0339719471558166],\n",
       "    [0.0, 0.0, 0.0, 1.0]],\n",
       "   'retrieved_image': '1pXnuDYAj8r_point11_database_0001',\n",
       "   'retrival_score': 0.31555479764938354,\n",
       "   'num_matches': 24},\n",
       "  '1pXnuDYAj8r_point10_query_0002': {'db_filenames': ['1pXnuDYAj8r_point11_query_0034',\n",
       "    '1pXnuDYAj8r_point11_query_0035',\n",
       "    '1pXnuDYAj8r_point9_query_0043'],\n",
       "   'estimated_pose': [[-0.9037352630438147,\n",
       "     -0.00368316395095225,\n",
       "     0.4280759379297537,\n",
       "     -5.834265100174321],\n",
       "    [0.0027637009428071904,\n",
       "     -0.9999923463664149,\n",
       "     -0.0027693258550710114,\n",
       "     0.20194087014796774],\n",
       "    [0.42808286147453584,\n",
       "     -0.001319663556837104,\n",
       "     0.9037385253489364,\n",
       "     -2.3711227528985748],\n",
       "    [0.0, 0.0, 0.0, 1.0]],\n",
       "   'retrieved_image': '1pXnuDYAj8r_point11_query_0034',\n",
       "   'retrival_score': 0.40893203020095825,\n",
       "   'num_matches': 61},\n",
       "  '1pXnuDYAj8r_point10_query_0003': {'db_filenames': ['1pXnuDYAj8r_point11_database_0000',\n",
       "    '1pXnuDYAj8r_point11_query_0021'],\n",
       "   'estimated_pose': [[0.9863261750493899,\n",
       "     0.0,\n",
       "     -0.1648049647687847,\n",
       "     -4.033519744873047],\n",
       "    [-0.0, -1.0, 0.0, 0.1999959945678711],\n",
       "    [-0.1648049647687847, 0.0, -0.9863261750493899, -2.6157000064849854],\n",
       "    [0.0, 0.0, 0.0, 1.0]],\n",
       "   'retrieved_image': '1pXnuDYAj8r_point11_database_0000',\n",
       "   'retrival_score': 0.3513130843639374,\n",
       "   'num_matches': 28},\n",
       "  '1pXnuDYAj8r_point10_query_0005': {'db_filenames': ['1pXnuDYAj8r_point9_query_0004'],\n",
       "   'estimated_pose': [[0.9208153352317188,\n",
       "     -0.010364814015511292,\n",
       "     -0.3898611150557609,\n",
       "     1.079875627067052],\n",
       "    [-0.010665795563869861,\n",
       "     -0.9999421488270657,\n",
       "     0.0013927685020030287,\n",
       "     0.16619524585277312],\n",
       "    [-0.38985299691946335,\n",
       "     0.002875696356414995,\n",
       "     -0.9208726139718668,\n",
       "     -0.9101704585574688],\n",
       "    [0.0, 0.0, 0.0, 1.0]],\n",
       "   'retrieved_image': '1pXnuDYAj8r_point9_query_0004',\n",
       "   'retrival_score': 0.5094935297966003,\n",
       "   'num_matches': 27},\n",
       "  '1pXnuDYAj8r_point10_query_0006': {'db_filenames': ['1pXnuDYAj8r_point11_query_0013'],\n",
       "   'estimated_pose': [[0.40610830526305763,\n",
       "     0.2531177900565933,\n",
       "     0.8780702869094441,\n",
       "     -6.559868700160367],\n",
       "    [0.9058894050800133,\n",
       "     -0.2378652279775053,\n",
       "     -0.35040622009745925,\n",
       "     0.7271841224331269],\n",
       "    [0.12016834092283527,\n",
       "     0.937737446024246,\n",
       "     -0.32589576886449056,\n",
       "     -2.460659285791815],\n",
       "    [0.0, 0.0, 0.0, 1.0]],\n",
       "   'retrieved_image': '1pXnuDYAj8r_point11_query_0013',\n",
       "   'retrival_score': 0.3196609616279602,\n",
       "   'num_matches': 13},\n",
       "  '1pXnuDYAj8r_point10_query_0007': {'db_filenames': ['1pXnuDYAj8r_point11_query_0002'],\n",
       "   'estimated_pose': [[0.7491934030923552,\n",
       "     0.0,\n",
       "     0.6623513001141433,\n",
       "     -4.036707878112793],\n",
       "    [0.0, -1.0000000000000004, 0.0, 0.1999959945678711],\n",
       "    [0.6623513001141433, 0.0, -0.7491934030923555, -2.6185967922210693],\n",
       "    [0.0, 0.0, 0.0, 1.0]],\n",
       "   'retrieved_image': '1pXnuDYAj8r_point11_query_0002',\n",
       "   'retrival_score': 0.14675012230873108,\n",
       "   'num_matches': 4},\n",
       "  '1pXnuDYAj8r_point10_query_0008': {'db_filenames': ['1pXnuDYAj8r_point11_query_0002',\n",
       "    '1pXnuDYAj8r_point11_query_0020'],\n",
       "   'estimated_pose': [[0.6547863653281505,\n",
       "     -0.007331509831017823,\n",
       "     0.7557784495101376,\n",
       "     -5.928317203669771],\n",
       "    [0.011481384686945347,\n",
       "     -0.9997410872227213,\n",
       "     -0.019645262136236526,\n",
       "     0.2832776960152839],\n",
       "    [0.7557267982452522,\n",
       "     0.02154083290703404,\n",
       "     -0.6545326568870731,\n",
       "     -2.3921516352771617],\n",
       "    [0.0, 0.0, 0.0, 1.0]],\n",
       "   'retrieved_image': '1pXnuDYAj8r_point11_query_0002',\n",
       "   'retrival_score': 0.4286113977432251,\n",
       "   'num_matches': 60},\n",
       "  '1pXnuDYAj8r_point10_query_0010': {'db_filenames': ['1pXnuDYAj8r_point9_query_0010',\n",
       "    '1pXnuDYAj8r_point9_query_0045'],\n",
       "   'estimated_pose': [[0.4918430022527066,\n",
       "     0.06201488805795045,\n",
       "     0.868472575729484,\n",
       "     -0.4028092301595873],\n",
       "    [0.0094671791078905,\n",
       "     -0.9977821836769689,\n",
       "     0.06588692174141728,\n",
       "     -0.5042757834454171],\n",
       "    [0.8706324331512028,\n",
       "     -0.024184035973765797,\n",
       "     -0.4913392908665428,\n",
       "     -1.028885289801413],\n",
       "    [0.0, 0.0, 0.0, 1.0]],\n",
       "   'retrieved_image': '1pXnuDYAj8r_point9_query_0010',\n",
       "   'retrival_score': 0.263213574886322,\n",
       "   'num_matches': 31},\n",
       "  '1pXnuDYAj8r_point10_query_0012': {'db_filenames': ['1pXnuDYAj8r_point11_query_0027',\n",
       "    '1pXnuDYAj8r_point9_query_0046'],\n",
       "   'estimated_pose': [[-0.9987335047579509,\n",
       "     -0.02422164532917358,\n",
       "     -0.04409873435199509,\n",
       "     -4.932835956285125],\n",
       "    [0.02461027960459966,\n",
       "     -0.9996627376149272,\n",
       "     -0.008291270229140257,\n",
       "     0.20382837075144847],\n",
       "    [-0.04388303330085027,\n",
       "     -0.00936605155745607,\n",
       "     0.9989927709781186,\n",
       "     -2.018979340851913],\n",
       "    [0.0, 0.0, 0.0, 1.0]],\n",
       "   'retrieved_image': '1pXnuDYAj8r_point11_query_0027',\n",
       "   'retrival_score': 0.26615333557128906,\n",
       "   'num_matches': 15},\n",
       "  '1pXnuDYAj8r_point10_query_0013': {'db_filenames': ['1pXnuDYAj8r_point11_query_0025',\n",
       "    '1pXnuDYAj8r_point9_query_0049'],\n",
       "   'estimated_pose': [[0.10212282859418442,\n",
       "     0.7369400818498586,\n",
       "     -0.668199254446641,\n",
       "     -2.202073913578239],\n",
       "    [0.8938566815942042,\n",
       "     -0.3627676200534895,\n",
       "     -0.2634765390127268,\n",
       "     -0.26677172928805815],\n",
       "    [-0.4365674754826802,\n",
       "     -0.57036739879121,\n",
       "     -0.6957656715783187,\n",
       "     -3.4993329467408625],\n",
       "    [0.0, 0.0, 0.0, 1.0]],\n",
       "   'retrieved_image': '1pXnuDYAj8r_point11_query_0025',\n",
       "   'retrival_score': 0.2572594881057739,\n",
       "   'num_matches': 9},\n",
       "  '1pXnuDYAj8r_point10_query_0014': {'db_filenames': ['1pXnuDYAj8r_point11_query_0026',\n",
       "    '1pXnuDYAj8r_point11_query_0028',\n",
       "    '1pXnuDYAj8r_point9_query_0003',\n",
       "    '1pXnuDYAj8r_point9_query_0011',\n",
       "    '1pXnuDYAj8r_point9_query_0013',\n",
       "    '1pXnuDYAj8r_point9_query_0036',\n",
       "    '1pXnuDYAj8r_point9_query_0041'],\n",
       "   'estimated_pose': [[-0.1140270658257796,\n",
       "     0.0190675065462833,\n",
       "     0.9932946483563029,\n",
       "     -5.5119008235034475],\n",
       "    [-0.009662822389936565,\n",
       "     -0.9997897967037765,\n",
       "     0.018082927597122617,\n",
       "     0.0553118082731205],\n",
       "    [0.9934306508874308,\n",
       "     -0.007536086592501544,\n",
       "     0.11418734288985954,\n",
       "     -2.3655743081152245],\n",
       "    [0.0, 0.0, 0.0, 1.0]],\n",
       "   'retrieved_image': '1pXnuDYAj8r_point11_query_0026',\n",
       "   'retrival_score': 0.469470739364624,\n",
       "   'num_matches': 63},\n",
       "  '1pXnuDYAj8r_point10_query_0015': {'db_filenames': ['1pXnuDYAj8r_point9_query_0009'],\n",
       "   'estimated_pose': [[0.44448009524967,\n",
       "     0.02791455494920896,\n",
       "     -0.8953536857291826,\n",
       "     1.066350690891104],\n",
       "    [0.014195238672176204,\n",
       "     -0.9996083324612017,\n",
       "     -0.024117978214931075,\n",
       "     0.20781975778483425],\n",
       "    [-0.8956762473828834,\n",
       "     -0.0019897980107363555,\n",
       "     -0.4447022605946507,\n",
       "     -1.248795787934165],\n",
       "    [0.0, 0.0, 0.0, 1.0]],\n",
       "   'retrieved_image': '1pXnuDYAj8r_point9_query_0009',\n",
       "   'retrival_score': 0.5967196822166443,\n",
       "   'num_matches': 19},\n",
       "  '1pXnuDYAj8r_point10_query_0016': {'db_filenames': ['1pXnuDYAj8r_point9_database_0004',\n",
       "    '1pXnuDYAj8r_point9_query_0006',\n",
       "    '1pXnuDYAj8r_point9_query_0043'],\n",
       "   'estimated_pose': [[-0.7463955412124834,\n",
       "     0.0006670232936474987,\n",
       "     0.6655022547956166,\n",
       "     1.0904627732463301],\n",
       "    [0.014324721988358845,\n",
       "     -0.9997517127062074,\n",
       "     0.017067960656191754,\n",
       "     0.15272676032004798],\n",
       "    [0.6653484037690933,\n",
       "     0.022272584513944774,\n",
       "     0.7462006657602156,\n",
       "     -0.4620618802805445],\n",
       "    [0.0, 0.0, 0.0, 1.0]],\n",
       "   'retrieved_image': '1pXnuDYAj8r_point9_database_0004',\n",
       "   'retrival_score': 0.4114058315753937,\n",
       "   'num_matches': 57},\n",
       "  '1pXnuDYAj8r_point10_query_0019': {'db_filenames': ['1pXnuDYAj8r_point11_query_0030'],\n",
       "   'estimated_pose': [[-0.32709971425967455,\n",
       "     -0.007792450734742752,\n",
       "     0.9449576999224815,\n",
       "     -5.372949493451529],\n",
       "    [-0.03490671261876742,\n",
       "     -0.9991839221777656,\n",
       "     -0.02032267392861717,\n",
       "     0.3407029617263146],\n",
       "    [0.9443449043360116,\n",
       "     -0.03963290770312872,\n",
       "     0.3265607665988136,\n",
       "     -1.8697170614815466],\n",
       "    [0.0, 0.0, 0.0, 1.0]],\n",
       "   'retrieved_image': '1pXnuDYAj8r_point11_query_0030',\n",
       "   'retrival_score': 0.37262094020843506,\n",
       "   'num_matches': 60},\n",
       "  '1pXnuDYAj8r_point10_query_0020': {'db_filenames': ['1pXnuDYAj8r_point9_database_0001',\n",
       "    '1pXnuDYAj8r_point9_query_0009',\n",
       "    '1pXnuDYAj8r_point9_query_0048'],\n",
       "   'estimated_pose': [[0.7219314683061508,\n",
       "     0.07304147962697076,\n",
       "     -0.6880987555018742,\n",
       "     0.9490668836827009],\n",
       "    [0.03925587589058892,\n",
       "     -0.9971349547383197,\n",
       "     -0.06465955650228077,\n",
       "     0.3308432677893481],\n",
       "    [-0.6908501511018058,\n",
       "     0.019667849219265815,\n",
       "     -0.7227304092327238,\n",
       "     -0.5752829551191019],\n",
       "    [0.0, 0.0, 0.0, 1.0]],\n",
       "   'retrieved_image': '1pXnuDYAj8r_point9_database_0001',\n",
       "   'retrival_score': 0.5644992589950562,\n",
       "   'num_matches': 17},\n",
       "  '1pXnuDYAj8r_point10_query_0021': {'db_filenames': ['1pXnuDYAj8r_point9_query_0014'],\n",
       "   'estimated_pose': [[0.4861611029419475,\n",
       "     -0.01355136530618725,\n",
       "     -0.8737641229099575,\n",
       "     1.3932676176605536],\n",
       "    [-0.026055028442459924,\n",
       "     -0.9996600029966538,\n",
       "     0.0010069268063921464,\n",
       "     0.1441621506031488],\n",
       "    [-0.8734806909595265,\n",
       "     0.022276420427642572,\n",
       "     -0.4863488908322908,\n",
       "     -1.0810751174358368],\n",
       "    [0.0, 0.0, 0.0, 1.0]],\n",
       "   'retrieved_image': '1pXnuDYAj8r_point9_query_0014',\n",
       "   'retrival_score': 0.4963204264640808,\n",
       "   'num_matches': 15},\n",
       "  '1pXnuDYAj8r_point10_query_0022': {'db_filenames': ['1pXnuDYAj8r_point9_database_0000',\n",
       "    '1pXnuDYAj8r_point9_query_0008'],\n",
       "   'estimated_pose': [[0.9011162735703993,\n",
       "     -0.011400588627551474,\n",
       "     0.4334276042034502,\n",
       "     1.5345444491501752],\n",
       "    [-0.007788366116889497,\n",
       "     -0.9999185733518325,\n",
       "     -0.010108808993444565,\n",
       "     0.16571275291582932],\n",
       "    [0.43350755801926527,\n",
       "     0.005733519423704962,\n",
       "     -0.9011316906508127,\n",
       "     -0.804917952783317],\n",
       "    [0.0, 0.0, 0.0, 1.0]],\n",
       "   'retrieved_image': '1pXnuDYAj8r_point9_database_0000',\n",
       "   'retrival_score': 0.2702871859073639,\n",
       "   'num_matches': 26},\n",
       "  '1pXnuDYAj8r_point10_query_0023': {'db_filenames': ['1pXnuDYAj8r_point9_query_0000',\n",
       "    '1pXnuDYAj8r_point9_query_0032',\n",
       "    '1pXnuDYAj8r_point9_query_0039'],\n",
       "   'estimated_pose': [[0.015705654690793436,\n",
       "     0.01646403076327812,\n",
       "     0.9997411005364137,\n",
       "     0.41000692391743776],\n",
       "    [-0.0021774727220823294,\n",
       "     -0.99986149106935,\n",
       "     0.016500220880989697,\n",
       "     -0.03164696246581331],\n",
       "    [0.9998742876098367,\n",
       "     -0.0024360557470412547,\n",
       "     -0.015667629339474853,\n",
       "     -1.0351481439663808],\n",
       "    [0.0, 0.0, 0.0, 1.0]],\n",
       "   'retrieved_image': '1pXnuDYAj8r_point9_query_0000',\n",
       "   'retrival_score': 0.3723585903644562,\n",
       "   'num_matches': 49},\n",
       "  '1pXnuDYAj8r_point10_query_0024': {'db_filenames': ['1pXnuDYAj8r_point11_query_0018',\n",
       "    '1pXnuDYAj8r_point9_query_0043'],\n",
       "   'estimated_pose': [[-0.898552539780346,\n",
       "     0.018948198986035086,\n",
       "     0.43845672421514503,\n",
       "     -5.469826830084786],\n",
       "    [-0.023122409201495175,\n",
       "     -0.9997238934036834,\n",
       "     -0.004182242281309886,\n",
       "     0.11623906735011022],\n",
       "    [0.4382564174624357,\n",
       "     -0.013896140218297446,\n",
       "     0.8987425715075618,\n",
       "     -3.0232216580585476],\n",
       "    [0.0, 0.0, 0.0, 1.0]],\n",
       "   'retrieved_image': '1pXnuDYAj8r_point11_query_0018',\n",
       "   'retrival_score': 0.40645936131477356,\n",
       "   'num_matches': 53},\n",
       "  '1pXnuDYAj8r_point10_query_0026': {'db_filenames': ['1pXnuDYAj8r_point9_query_0046'],\n",
       "   'estimated_pose': [[-0.9994667621913584,\n",
       "     0.007510640868971376,\n",
       "     -0.03177706009782332,\n",
       "     1.190715511066339],\n",
       "    [-0.00811820523700999,\n",
       "     -0.999785878431469,\n",
       "     0.0190339704934786,\n",
       "     0.12533456943324836],\n",
