{
 "cells": [
  {
   "cell_type": "code",
   "execution_count": 2,
   "metadata": {},
   "outputs": [],
   "source": [
    "import numpy as np\n",
    "import yaml"
   ]
  },
  {
   "cell_type": "code",
   "execution_count": 5,
   "metadata": {},
   "outputs": [],
   "source": [
    "data = yaml.load('/media/cds-s/data/Datasets/Husky-NKBVS/calib/cams_calib_2020-03-16-19-06-09/calibration-kalibr-crop.yml', Loader=yaml.FullLoader)"
   ]
  },
  {
   "cell_type": "code",
   "execution_count": 6,
   "metadata": {},
   "outputs": [
    {
     "data": {
      "text/plain": [
       "'/media/cds-s/data/Datasets/Husky-NKBVS/calib/cams_calib_2020-03-16-19-06-09/calibration-kalibr-crop.yml'"
      ]
     },
     "execution_count": 6,
     "metadata": {},
     "output_type": "execute_result"
    }
   ],
   "source": [
    "data"
   ]
  },
  {
   "cell_type": "code",
   "execution_count": 8,
   "metadata": {},
   "outputs": [],
   "source": [
    "with open(\"/media/cds-s/data/Datasets/Husky-NKBVS/calib/cams_calib_2020-03-16-19-06-09/calibration-kalibr-crop.yml\", 'r') as stream:\n",
    "    try:\n",
    "        data = yaml.safe_load(stream)\n",
    "    except yaml.YAMLError as exc:\n",
    "        print(exc)"
   ]
  },
  {
   "cell_type": "code",
   "execution_count": 10,
   "metadata": {},
   "outputs": [
    {
     "data": {
      "text/plain": [
       "[[0.9999639600436523, 0.0037817586269674047, -0.007601112780658122, 0.0],\n",
       " [-0.003781649374652499, 0.9999928491252762, 2.8745779390306684e-05, 0.0],\n",
       " [0.007601167135652063, -3.337479218771394e-17, 0.9999711107117925, 0.0],\n",
       " [0.0, 0.0, 0.0, 1.0]]"
      ]
     },
     "execution_count": 10,
     "metadata": {},
     "output_type": "execute_result"
    }
   ],
   "source": [
    "data['left']['T']"
   ]
  },
  {
   "cell_type": "code",
   "execution_count": null,
   "metadata": {},
   "outputs": [],
   "source": []
  }
 ],
 "metadata": {
  "kernelspec": {
   "display_name": "Python 3",
   "language": "python",
   "name": "python3"
  },
  "language_info": {
   "codemirror_mode": {
    "name": "ipython",
    "version": 3
   },
   "file_extension": ".py",
   "mimetype": "text/x-python",
   "name": "python",
   "nbconvert_exporter": "python",
   "pygments_lexer": "ipython3",
   "version": "3.7.7"
  }
 },
 "nbformat": 4,
 "nbformat_minor": 4
}
